Relationship:
1 2  
Area: 
240   0    320   0    320 240    240 240    240 135
240   0    320   0    320 240    240 240    240 143

Relationship:
2 3
Area:
  0   0     65   0     65 240      0 240     65 135
240   0    320   0    320 240    240 240    240 135

Relationship:
3 4
Area:
  0   0     65   0     65 240      0 240     65 135
220   0    320   0    320 240    220 240    220 120

Relationship:
4 5
Area:
  0   0     80   0     80 240      0 240     80 105
  0   0     65   0     65 240      0 240     65 135

